
INPUTS
input file path: glass_mod.csv
number of clusters:  3

head of input data
         0      1     2     3      4     5     6
0  1.52101  13.64  4.49  1.10  71.78  0.06  8.75
1  1.51761  13.89  3.60  1.36  72.73  0.48  7.83
2  1.51618  13.53  3.55  1.54  72.99  0.39  7.78
3  1.51766  13.21  3.69  1.29  72.61  0.57  8.22
4  1.51742  13.27  3.62  1.24  73.08  0.55  8.07

for features  [0] best perf -1  vs. current_perf 0.7219471528179973
for features  [1] best perf 0.7219471528179973  vs. current_perf 0.6103133645102573
for features  [2] best perf 0.7219471528179973  vs. current_perf 0.6294559081320608
for features  [3] best perf 0.7219471528179973  vs. current_perf 0.5517532143188576
for features  [4] best perf 0.7219471528179973  vs. current_perf 0.5802557342464066
for features  [5] best perf 0.7219471528179973  vs. current_perf 0.6002041328579155
for features  [6] best perf 0.7219471528179973  vs. current_perf 0.573079868558605
for features  [0, 1] best perf 0.7219471528179973  vs. current_perf 0.6101911382335601
for features  [0, 2] best perf 0.7219471528179973  vs. current_perf 0.8008790399394807
for features  [0, 3] best perf 0.8008790399394807  vs. current_perf 0.5350719070013655
for features  [0, 4] best perf 0.8008790399394807  vs. current_perf 0.6102822833458293
for features  [0, 5] best perf 0.8008790399394807  vs. current_perf 0.5977189076312582
for features  [0, 6] best perf 0.8008790399394807  vs. current_perf 0.5616609700674571
for features  [0, 2, 1] best perf 0.8008790399394807  vs. current_perf 0.4852427808485047
for features  [0, 2, 3] best perf 0.8008790399394807  vs. current_perf 0.6206384692520084
for features  [0, 2, 4] best perf 0.8008790399394807  vs. current_perf 0.6561186740464713
for features  [0, 2, 5] best perf 0.8008790399394807  vs. current_perf 0.6748037795264201
for features  [0, 2, 6] best perf 0.8008790399394807  vs. current_perf 0.4406368772235322

RESULT:
Chosen features (indexed from 0):
[0, 2]
Chosen data:
          0     1
0   1.52101  4.49
1   1.51761  3.60
2   1.51618  3.55
3   1.51766  3.69
4   1.51742  3.62
5   1.51596  3.61
6   1.51743  3.60
7   1.51756  3.61
8   1.51918  3.58
9   1.51755  3.60
10  1.51571  3.46
11  1.51763  3.66
12  1.51589  3.43
13  1.51748  3.56
14  1.51763  3.59
15  1.51761  3.54
16  1.51784  3.67
17  1.52196  3.85
18  1.51911  3.73
19  1.51735  3.54
20  1.51750  3.55
21  1.51966  3.75
22  1.51736  3.62
23  1.51751  3.57
24  1.51720  3.50
25  1.51764  3.54
26  1.51793  3.48
27  1.51721  3.48
28  1.51768  3.52
29  1.51784  3.49
..      ...   ...
37  1.51797  3.48
38  1.52213  3.82
39  1.52213  3.82
40  1.51793  3.50
41  1.51755  3.42
42  1.51779  3.39
43  1.52210  3.84
44  1.51786  3.43
45  1.51900  3.48
46  1.51869  3.37
47  1.52667  3.70
48  1.52223  3.77
49  1.51898  3.35
50  1.52320  3.72
51  1.51926  3.33
52  1.51808  2.87
53  1.51837  2.84
54  1.51778  2.81
55  1.51769  2.71
56  1.51215  3.47
57  1.51824  3.48
58  1.51754  3.74
59  1.51754  3.66
60  1.51905  3.62
61  1.51977  3.58
62  1.52172  3.86
63  1.52227  3.81
64  1.52172  3.74
65  1.52099  3.59
66  1.52152  3.65

[67 rows x 2 columns]
Best silhouette coefficient:
0.8008790399394807
Clusters:
[2. 0. 0. 0. 0. 0. 0. 0. 0. 0. 0. 0. 0. 0. 0. 0. 0. 0. 0. 0. 0. 0. 0. 0.
 0. 0. 0. 0. 0. 0. 0. 0. 0. 0. 0. 0. 0. 0. 0. 0. 0. 0. 0. 0. 0. 0. 0. 0.
 0. 0. 0. 0. 1. 1. 1. 1. 0. 0. 0. 0. 0. 0. 0. 0. 0. 0. 0.]
Centroids:
[[1.51856952 3.58290323]
 [1.51798    2.8075    ]
 [1.52101    4.49      ]]

