
INPUTS
input file path: glass_copy.csv
number of clusters:  6

head of input data
         0      1     2     3      4     5     6    7    8
0  1.52101  13.64  4.49  1.10  71.78  0.06  8.75  0.0  0.0
1  1.51761  13.89  3.60  1.36  72.73  0.48  7.83  0.0  0.0
2  1.51618  13.53  3.55  1.54  72.99  0.39  7.78  0.0  0.0
3  1.51766  13.21  3.69  1.29  72.61  0.57  8.22  0.0  0.0
4  1.51742  13.27  3.62  1.24  73.08  0.55  8.07  0.0  0.0


RESULT:
Chosen features (indexed from 0):
[7]
Chosen data:
        0
0    0.00
1    0.00
2    0.00
3    0.00
4    0.00
5    0.00
6    0.00
7    0.00
8    0.00
9    0.00
10   0.00
11   0.00
12   0.00
13   0.00
14   0.00
15   0.00
16   0.00
17   0.00
18   0.00
19   0.00
20   0.00
21   0.00
22   0.00
23   0.00
24   0.00
25   0.00
26   0.00
27   0.00
28   0.00
29   0.00
..    ...
184  0.00
185  1.19
186  1.63
187  0.00
188  0.00
189  1.68
190  0.76
191  0.64
192  0.40
193  1.59
194  1.57
195  0.61
196  0.81
197  0.66
198  0.64
199  0.53
200  0.63
201  0.00
202  0.56
203  1.71
204  0.67
205  1.55
206  1.38
207  2.88
208  0.54
209  1.06
210  1.59
211  1.64
212  1.57
213  1.67

[214 rows x 1 columns]
Best silhouette coefficient:
0.9499547674739127
Clusters:
[3. 3. 3. 3. 3. 3. 3. 3. 3. 3. 3. 3. 3. 3. 3. 3. 3. 3. 3. 3. 3. 3. 3. 3.
 3. 3. 3. 3. 3. 3. 3. 3. 3. 3. 3. 3. 3. 3. 3. 3. 3. 3. 3. 3. 3. 3. 3. 3.
 3. 3. 3. 3. 3. 3. 3. 3. 3. 3. 3. 3. 3. 4. 3. 3. 3. 3. 3. 3. 3. 3. 3. 3.
 3. 3. 3. 3. 3. 3. 3. 3. 3. 3. 3. 3. 3. 3. 3. 3. 3. 3. 3. 3. 3. 3. 3. 3.
 3. 3. 3. 3. 3. 3. 3. 3. 3. 3. 2. 3. 3. 3. 3. 3. 3. 3. 3. 3. 3. 3. 3. 3.
 3. 3. 3. 3. 3. 3. 3. 3. 3. 3. 3. 3. 3. 3. 3. 3. 3. 3. 3. 3. 3. 3. 3. 3.
 3. 3. 3. 3. 3. 3. 3. 3. 3. 3. 3. 3. 3. 3. 3. 3. 3. 3. 3. 1. 3. 3. 3. 3.
 3. 3. 3. 3. 3. 3. 3. 3. 3. 3. 3. 3. 3. 3. 3. 3. 3. 0. 5. 3. 3. 5. 4. 4.
 4. 5. 5. 4. 4. 4. 4. 4. 4. 3. 4. 5. 4. 5. 0. 2. 4. 0. 5. 5. 5. 5.]
Centroids:
[[1.21      ]
 [2.2       ]
 [3.015     ]
 [0.00681081]
 [0.62615385]
 [1.62      ]]

