
INPUTS
input file path: ../data/pre_processed_data/glass.data.csv
number of clusters:  6

head of input data
         0      1     2     3      4     5     6    7    8
0  1.52101  13.64  4.49  1.10  71.78  0.06  8.75  0.0  0.0
1  1.51761  13.89  3.60  1.36  72.73  0.48  7.83  0.0  0.0
2  1.51618  13.53  3.55  1.54  72.99  0.39  7.78  0.0  0.0
3  1.51766  13.21  3.69  1.29  72.61  0.57  8.22  0.0  0.0
4  1.51742  13.27  3.62  1.24  73.08  0.55  8.07  0.0  0.0

for features  [0] best perf -1  vs. current_perf 0.5938835594670464
for features  [1] best perf 0.5938835594670464  vs. current_perf 0.534697816941424
for features  [2] best perf 0.5938835594670464  vs. current_perf 0.6311262736754683
for features  [3] best perf 0.6311262736754683  vs. current_perf 0.5866129177880189
for features  [4] best perf 0.6311262736754683  vs. current_perf 0.5436201034105064
for features  [5] best perf 0.6311262736754683  vs. current_perf 0.6554081128889987
for features  [6] best perf 0.6554081128889987  vs. current_perf 0.5722964791204705
for features  [7] best perf 0.6554081128889987  vs. current_perf 0.9441911943663582
for features  [8] best perf 0.9441911943663582  vs. current_perf 0.8395912293216629
for features  [7, 0] best perf 0.9441911943663582  vs. current_perf 0.6776405773566512
for features  [7, 1] best perf 0.9441911943663582  vs. current_perf 0.45169163190167816
for features  [7, 2] best perf 0.9441911943663582  vs. current_perf 0.7565123615366796
for features  [7, 3] best perf 0.9441911943663582  vs. current_perf 0.5603682572162676
for features  [7, 4] best perf 0.9441911943663582  vs. current_perf 0.49417768211804564
for features  [7, 5] best perf 0.9441911943663582  vs. current_perf 0.5378021858549673
for features  [7, 6] best perf 0.9441911943663582  vs. current_perf 0.47875887312072546
for features  [7, 8] best perf 0.9441911943663582  vs. current_perf 0.7941330830522224

RESULT:
Chosen features (indexed from 0):
[7]
Chosen data:
        0
0    0.00
1    0.00
2    0.00
3    0.00
4    0.00
5    0.00
6    0.00
7    0.00
8    0.00
9    0.00
10   0.00
11   0.00
12   0.00
13   0.00
14   0.00
15   0.00
16   0.00
17   0.00
18   0.00
19   0.00
20   0.00
21   0.00
22   0.00
23   0.00
24   0.00
25   0.00
26   0.00
27   0.00
28   0.00
29   0.00
..    ...
184  0.00
185  1.19
186  1.63
187  0.00
188  0.00
189  1.68
190  0.76
191  0.64
192  0.40
193  1.59
194  1.57
195  0.61
196  0.81
197  0.66
198  0.64
199  0.53
200  0.63
201  0.00
202  0.56
203  1.71
204  0.67
205  1.55
206  1.38
207  2.88
208  0.54
209  1.06
210  1.59
211  1.64
212  1.57
213  1.67

[214 rows x 1 columns]
Best silhouette coefficient:
0.9441911943663582
Clusters:
[0. 0. 0. 0. 0. 0. 0. 0. 0. 0. 0. 0. 0. 0. 0. 0. 0. 0. 0. 0. 0. 0. 0. 0.
 0. 0. 0. 0. 0. 0. 0. 0. 5. 0. 0. 0. 5. 0. 0. 0. 0. 0. 0. 0. 0. 0. 0. 0.
 0. 0. 0. 0. 0. 0. 0. 0. 0. 0. 0. 0. 0. 2. 0. 0. 0. 0. 0. 0. 0. 0. 0. 0.
 0. 0. 0. 0. 0. 0. 0. 0. 0. 0. 0. 0. 0. 0. 0. 0. 0. 0. 0. 0. 0. 0. 0. 0.
 0. 0. 0. 5. 5. 0. 0. 0. 0. 0. 3. 0. 0. 0. 0. 0. 0. 0. 0. 0. 0. 0. 0. 0.
 0. 0. 0. 0. 0. 0. 0. 0. 1. 0. 0. 0. 0. 0. 0. 0. 0. 0. 0. 0. 0. 5. 5. 0.
 0. 0. 0. 0. 0. 0. 0. 0. 0. 0. 0. 0. 0. 0. 0. 0. 0. 5. 0. 3. 0. 0. 0. 0.
 0. 0. 0. 0. 0. 0. 1. 0. 0. 0. 0. 0. 0. 0. 0. 0. 0. 4. 4. 0. 0. 4. 2. 2.
 1. 4. 4. 2. 2. 2. 2. 2. 2. 0. 2. 4. 2. 4. 4. 3. 2. 2. 4. 4. 4. 4.]
Centroids:
[[0.        ]
 [0.30333333]
 [0.67692308]
 [2.74333333]
 [1.56416667]
 [0.10714286]]

