
INPUTS
input file path: ../data/pre_processed_data/iris.data.csv
number of clusters:  3

head of input data
     0    1    2    3
0  5.1  3.5  1.4  0.2
1  4.9  3.0  1.4  0.2
2  4.7  3.2  1.3  0.2
3  4.6  3.1  1.5  0.2
4  5.0  3.6  1.4  0.2


RESULT:
Chosen features (indexed from 0):
[3]
Chosen data:
       0
0    0.2
1    0.2
2    0.2
3    0.2
4    0.2
5    0.4
6    0.3
7    0.2
8    0.2
9    0.1
10   0.2
11   0.2
12   0.1
13   0.1
14   0.2
15   0.4
16   0.4
17   0.3
18   0.3
19   0.3
20   0.2
21   0.4
22   0.2
23   0.5
24   0.2
25   0.2
26   0.4
27   0.2
28   0.2
29   0.2
..   ...
120  2.3
121  2.0
122  2.0
123  1.8
124  2.1
125  1.8
126  1.8
127  1.8
128  2.1
129  1.6
130  1.9
131  2.0
132  2.2
133  1.5
134  1.4
135  2.3
136  2.4
137  1.8
138  1.8
139  2.1
140  2.4
141  2.3
142  1.9
143  2.3
144  2.5
145  2.3
146  1.9
147  2.0
148  2.3
149  1.8

[150 rows x 1 columns]
Best silhouette coefficient:
0.72933039775832
Clusters:
[0. 0. 0. 0. 0. 0. 0. 0. 0. 0. 0. 0. 0. 0. 0. 0. 0. 0. 0. 0. 0. 0. 0. 0.
 0. 0. 0. 0. 0. 0. 0. 0. 0. 0. 0. 0. 0. 0. 0. 0. 0. 0. 0. 0. 0. 0. 0. 0.
 0. 0. 2. 2. 2. 2. 2. 2. 2. 2. 2. 2. 2. 2. 2. 2. 2. 2. 2. 2. 2. 2. 1. 2.
 2. 2. 2. 2. 2. 2. 2. 2. 2. 2. 2. 2. 2. 2. 2. 2. 2. 2. 2. 2. 2. 2. 2. 2.
 2. 2. 2. 2. 1. 1. 1. 1. 1. 1. 2. 1. 1. 1. 1. 1. 1. 1. 1. 1. 1. 1. 1. 2.
 1. 1. 1. 1. 1. 1. 1. 1. 1. 2. 1. 1. 1. 2. 2. 1. 1. 1. 1. 1. 1. 1. 1. 1.
 1. 1. 1. 1. 1. 1.]
Centroids:
[[0.244     ]
 [2.07391304]
 [1.33703704]]

